0 1142
1 2198
2 2589
3 2856
4 3064
5 3237
6 3386
7 3517
8 3635
9 3743
10 3842
11 3934
12 4020
13 4101
14 4177
15 4249
16 4318
17 4384
18 4446
19 4507
20 4565
21 4620
22 4674
23 4726
24 4777
25 4826
26 4873
27 4919
28 4964
29 5007
30 5050
31 5091
32 5132
33 5171
34 5210
35 5248
36 5285
37 5321
38 5357
39 5391
40 5426
41 5459
42 5492
43 5524
44 5556
45 5587
46 5618
47 5648
48 5678
49 5707
50 5736
51 5765
52 5793
53 5820
54 5848
55 5874
56 5901
57 5927
58 5953
59 5978
60 6003
61 6028
62 6053
63 6077
64 6101
65 6125
66 6148
67 6171
68 6194
69 6217
70 6239
71 6261
72 6283
73 6305
74 6326
75 6347
76 6368
77 6389
78 6410
79 6430
80 6451
81 6471
82 6490
83 6510
84 6530
85 6549
86 6568
87 6587
88 6606
89 6625
90 6643
91 6662
92 6680
93 6698
94 6716
95 6733
96 6751
97 6769
98 6786
99 6803
100 6820
101 6837
102 6854
103 6871
104 6887
105 6904
106 6920
107 6937
108 6953
109 6969
110 6985
111 7000
112 7016
113 7032
114 7047
115 7063
116 7078
117 7093
118 7108
119 7123
120 7138
121 7153
122 7168
123 7182
124 7197
125 7211
126 7226
127 7240
128 7254
129 7268
130 7282
131 7296
132 7310
133 7324
134 7338
135 7351
136 7365
137 7378
138 7392
139 7405
140 7418
141 7432
142 7445
143 7458
144 7471
145 7484
146 7497
147 7509
148 7522
149 7535
150 7547
151 7560
152 7572
153 7585
154 7597
155 7609
156 7622
157 7634
158 7646
159 7658
160 7670
161 7682
162 7694
163 7706
164 7718
165 7729
166 7741
167 7753
168 7764
169 7776
170 7787
171 7799
172 7810
173 7821
174 7833
175 7844
176 7855
177 7866
178 7877
179 7888
180 7899
181 7910
182 7921
183 7932
184 7943
185 7953
186 7964
187 7975
188 7986
189 7996
190 8007
191 8017
192 8028
193 8038
194 8048
195 8059
196 8069
197 8079
198 8090
199 8100
200 8110
201 8120
202 8130
203 8140
204 8150
205 8160
206 8170
207 8180
208 8190
209 8200
210 8209
211 8219
212 8229
213 8239
214 8248
215 8258
216 8267
217 8277
218 8287
219 8296
220 8305
221 8315
222 8324
223 8334
224 8343
225 8352
226 8361
227 8371
228 8380
229 8389
230 8398
231 8407
232 8416
233 8425
234 8434
235 8443
236 8452
237 8461
238 8470
239 8479
240 8488
241 8497
242 8506
243 8514
244 8523
245 8532
246 8541
247 8549
248 8558
249 8566
250 8575
251 8584
252 8592
253 8601
254 8609
255 8618
256 8626
257 8634
258 8643
259 8651
260 8660
261 8668
262 8676
263 8684
264 8693
265 8701
266 8709
267 8717
268 8725
269 8733
270 8742
271 8750
272 8758
273 8766
274 8774
275 8782
276 8790
277 8798
278 8806
279 8814
280 8821
281 8829
282 8837
283 8845
284 8853
285 8861
286 8868
287 8876
288 8884
289 8891
290 8899
291 8907
292 8914
293 8922
294 8930
295 8937
296 8945
297 8952
298 8960
299 8967
300 8975
301 8982
302 8990
303 8997
304 9005
305 9012
306 9019
307 9027
308 9034
309 9041
310 9049
311 9056
312 9063
313 9071
314 9078
315 9085
316 9092
317 9099
318 9107
319 9114
320 9121
321 9128
322 9135
323 9142
324 9149
325 9156
326 9163
327 9170
328 9177
329 9184
330 9191
331 9198
332 9205
333 9212
334 9219
335 9226
336 9233
337 9240
338 9246
339 9253
340 9260
341 9267
342 9274
343 9280
344 9287
345 9294
346 9301
347 9307
348 9314
349 9321
350 9327
351 9334
352 9341
353 9347
354 9354
355 9360
356 9367
357 9374
358 9380
359 9387
360 9393
361 9400
362 9406
363 9413
364 9419
365 9426
366 9432
367 9439
368 9445
369 9451
370 9458
371 9464
372 9471
373 9477
374 9483
375 9490
376 9496
377 9502
378 9509
379 9515
380 9521
381 9527
382 9534
383 9540
384 9546
385 9552
386 9558
387 9565
388 9571
389 9577
390 9583
391 9589
392 9595
393 9601
394 9608
395 9614
396 9620
397 9626
398 9632
399 9638
400 9644
401 9650
402 9656
403 9662
404 9668
405 9674
406 9680
407 9686
408 9692
409 9698
410 9704
411 9710
412 9715
413 9721
414 9727
415 9733
416 9739
417 9745
418 9751
419 9756
420 9762
421 9768
422 9774
423 9780
424 9785
425 9791
426 9797
427 9803
428 9808
429 9814
430 9820
431 9826
432 9831
433 9837
434 9843
435 9848
436 9854
437 9860
438 9865
439 9871
440 9876
441 9882
442 9888
443 9893
444 9899
445 9904
446 9910
447 9915
448 9921
449 9927
450 9932
451 9938
452 9943
453 9949
454 9954
455 9960
456 9965
457 9970
458 9976
459 9981
460 9987
461 9992
462 9998
463 10003
464 10008
465 10014
466 10019
467 10025
468 10030
469 10035
470 10041
471 10046
472 10051
473 10057
474 10062
475 10067
476 10073
477 10078
478 10083
479 10088
480 10094
481 10099
482 10104
483 10109
484 10115
485 10120
486 10125
487 10130
488 10135
489 10141
490 10146
491 10151
492 10156
493 10161
494 10166
495 10172
496 10177
497 10182
498 10187
499 10192
500 10197
501 10202
502 10207
503 10212
504 10217
505 10223
506 10228
507 10233
508 10238
509 10243
510 10248
511 10253
512 10258
513 10263
514 10268
515 10273
516 10278
517 10283
518 10288
519 10293
520 10298
521 10303
522 10308
523 10313
524 10318
525 10323
526 10328
527 10333
528 10338
529 10343
530 10348
531 10353
532 10358
533 10363
534 10369
535 10374
536 10379
537 10384
538 10389
539 10394
540 10399
541 10404
542 10409
543 10414
544 10419
545 10424
546 10430
547 10435
548 10440
549 10445
550 10450
551 10455
552 10460
553 10465
554 10471
555 10476
556 10481
557 10486
558 10491
559 10496
560 10501
561 10507
562 10512
563 10517
564 10522
565 10527
566 10532
567 10538
568 10543
569 10548
570 10553
571 10558
572 10563
573 10569
574 10574
575 10579
576 10584
577 10589
578 10595
579 10600
580 10605
581 10610
582 10616
583 10621
584 10626
585 10631
586 10636
587 10642
588 10647
589 10652
590 10657
591 10663
592 10668
593 10673
594 10678
595 10684
596 10689
597 10694
598 10700
599 10705
600 10710
601 10715
602 10721
603 10726
604 10731
605 10737
606 10742
607 10747
608 10752
609 10758
610 10763
611 10768
612 10774
613 10779
614 10784
615 10790
616 10795
617 10800
618 10806
619 10811
620 10816
621 10822
622 10827
623 10832
624 10838
625 10843
626 10848
627 10854
628 10859
629 10865
630 10870
631 10875
632 10881
633 10886
634 10892
635 10897
636 10902
637 10908
638 10913
639 10919
640 10924
641 10929
642 10935
643 10940
644 10946
645 10951
646 10956
647 10962
648 10967
649 10973
650 10978
651 10984
652 10989
653 10995
654 11000
655 11005
656 11011
657 11016
658 11022
659 11027
660 11033
661 11038
662 11044
663 11049
664 11055
665 11060
666 11066
667 11071
668 11077
669 11082
670 11088
671 11093
672 11099
673 11104
674 11110
675 11115
676 11121
677 11126
678 11132
679 11137
680 11143
681 11149
682 11154
683 11160
684 11165
685 11171
686 11176
687 11182
688 11187
689 11193
690 11199
691 11204
692 11210
693 11215
694 11221
695 11226
696 11232
697 11238
698 11243
699 11249
700 11255
701 11260
702 11266
703 11271
704 11277
705 11283
706 11288
707 11294
708 11299
709 11305
710 11311
711 11316
712 11322
713 11328
714 11333
715 11339
716 11345
717 11350
718 11356
719 11362
720 11367
721 11373
722 11379
723 11384
724 11390
725 11396
726 11401
727 11407
728 11413
729 11419
730 11424
731 11430
732 11436
733 11441
734 11447
735 11453
736 11459
737 11464
738 11470
739 11476
740 11482
741 11487
742 11493
743 11499
744 11505
745 11510
746 11516
747 11522
748 11528
749 11533
750 11539
751 11545
752 11551
753 11557
754 11562
755 11568
756 11574
757 11580
758 11586
759 11591
760 11597
761 11603
762 11609
763 11615
764 11620
765 11626
766 11632
767 11638
768 11644
769 11650
770 11655
771 11661
772 11667
773 11673
774 11679
775 11685
776 11691
777 11696
778 11702
779 11708
780 11714
781 11720
782 11726
783 11732
784 11738
785 11743
786 11749
787 11755
788 11761
789 11767
790 11773
791 11779
792 11785
793 11791
794 11797
795 11803
796 11809
797 11815
798 11820
799 11826
800 11832
801 11838
802 11844
803 11850
804 11856
805 11862
806 11868
807 11874
808 11880
809 11886
810 11892
811 11898
812 11904
813 11910
814 11916
815 11922
816 11928
817 11934
818 11940
819 11946
820 11952
821 11958
822 11964
823 11970
824 11976
825 11982
826 11988
827 11994
828 12000
829 12006
830 12012
831 12018
832 12025
833 12031
834 12037
835 12043
836 12049
837 12055
838 12061
839 12067
840 12073
841 12079
842 12085
843 12091
844 12098
845 12104
846 12110
847 12116
848 12122
849 12128
850 12134
851 12140
852 12146
853 12153
854 12159
855 12165
856 12171
857 12177
858 12183
859 12189
860 12196
861 12202
862 12208
863 12214
864 12220
865 12226
866 12233
867 12239
868 12245
869 12251
870 12257
871 12264
872 12270
873 12276
874 12282
875 12288
876 12295
877 12301
878 12307
879 12313
880 12320
881 12326
882 12332
883 12338
884 12344
885 12351
886 12357
887 12363
888 12369
889 12376
890 12382
891 12388
892 12395
893 12401
894 12407
895 12413
896 12420
897 12426
898 12432
899 12439
900 12445
901 12451
902 12457
903 12464
904 12470
905 12476
906 12483
907 12489
908 12495
909 12502
910 12508
911 12514
912 12521
913 12527
914 12533
915 12540
916 12546
917 12553
918 12559
919 12565
920 12572
921 12578
922 12584
923 12591
924 12597
925 12604
926 12610
927 12616
928 12623
929 12629
930 12636
931 12642
932 12648
933 12655
934 12661
935 12668
936 12674
937 12681
938 12687
939 12693
940 12700
941 12706
942 12713
943 12719
944 12726
945 12732
946 12739
947 12745
948 12752
949 12758
950 12765
951 12771
952 12778
953 12784
954 12791
955 12797
956 12804
957 12810
958 12817
959 12823
960 12830
961 12836
962 12843
963 12849
964 12856
965 12862
966 12869
967 12875
968 12882
969 12888
970 12895
971 12902
972 12908
973 12915
974 12921
975 12928
976 12934
977 12941
978 12948
979 12954
980 12961
981 12967
982 12974
983 12981
984 12987
985 12994
986 13000
987 13007
988 13014
989 13020
990 13027
991 13034
992 13040
993 13047
994 13053
995 13060
996 13067
997 13073
998 13080
999 13087
1000 13093
1001 13100
1002 13107
1003 13113
1004 13120
1005 13127
1006 13134
1007 13140
1008 13147
1009 13154
1010 13160
1011 13167
1012 13174
1013 13180
1014 13187
1015 13194
1016 13201
1017 13207
1018 13214
1019 13221
1020 13228
1021 13234
1022 13241
1023 13248
1024 13255
1025 13261
1026 13268
1027 13275
1028 13282
1029 13288
1030 13295
1031 13302
1032 13309
1033 13316
1034 13322
1035 13329
1036 13336
1037 13343
1038 13350
1039 13356
1040 13363
1041 13370
1042 13377
1043 13384
1044 13391
1045 13397
1046 13404
1047 13411
1048 13418
1049 13425
1050 13432
1051 13439
1052 13445
1053 13452
1054 13459
1055 13466
1056 13473
1057 13480
1058 13487
1059 13494
1060 13500
1061 13507
1062 13514
1063 13521
1064 13528
1065 13535
1066 13542
1067 13549
1068 13556
1069 13563
1070 13570
1071 13577
1072 13584
1073 13590
1074 13597
1075 13604
1076 13611
1077 13618
1078 13625
1079 13632
1080 13639
1081 13646
1082 13653
1083 13660
1084 13667
1085 13674
1086 13681
1087 13688
1088 13695
1089 13702
1090 13709
1091 13716
1092 13723
1093 13730
1094 13737
1095 13744
1096 13751
1097 13758
1098 13765
1099 13772
1100 13780
1101 13787
1102 13794
1103 13801
1104 13808
1105 13815
1106 13822
1107 13829
1108 13836
1109 13843
1110 13850
1111 13857
1112 13864
1113 13872
1114 13879
1115 13886
1116 13893
1117 13900
1118 13907
1119 13914
1120 13921
1121 13929
1122 13936
1123 13943
1124 13950
1125 13957
1126 13964
1127 13971
1128 13979
1129 13986
1130 13993
1131 14000
1132 14007
1133 14014
1134 14022
1135 14029
1136 14036
1137 14043
1138 14050
1139 14058
1140 14065
1141 14072
1142 14079
1143 14087
1144 14094
1145 14101
1146 14108
1147 14115
1148 14123
1149 14130
1150 14137
1151 14144
1152 14152
1153 14159
1154 14166
1155 14173
1156 14181
1157 14188
1158 14195
1159 14203
1160 14210
1161 14217
1162 14224
1163 14232
1164 14239
1165 14246
1166 14254
1167 14261
1168 14268
1169 14276
1170 14283
1171 14290
1172 14298
1173 14305
1174 14312
1175 14320
1176 14327
1177 14334
1178 14342
1179 14349
1180 14357
1181 14364
1182 14371
1183 14379
1184 14386
1185 14393
1186 14401
1187 14408
1188 14416
1189 14423
1190 14430
1191 14438
1192 14445
1193 14453
1194 14460
1195 14468
1196 14475
1197 14482
1198 14490
1199 14497
1200 14505
1201 14512
1202 14520
1203 14527
1204 14535
1205 14542
1206 14550
1207 14557
1208 14565
1209 14572
1210 14580
1211 14587
1212 14595
1213 14602
1214 14610
1215 14617
1216 14625
1217 14632
1218 14640
1219 14647
1220 14655
1221 14662
1222 14670
1223 14677
1224 14685
1225 14692
1226 14700
1227 14708
1228 14715
1229 14723
1230 14730
1231 14738
1232 14745
1233 14753
1234 14761
1235 14768
1236 14776
1237 14783
1238 14791
1239 14799
1240 14806
1241 14814
1242 14822
1243 14829
1244 14837
1245 14844
1246 14852
1247 14860
1248 14867
1249 14875
1250 14883
1251 14890
1252 14898
1253 14906
1254 14913
1255 14921
1256 14929
1257 14936
1258 14944
1259 14952
1260 14960
1261 14967
1262 14975
1263 14983
1264 14990
1265 14998
1266 15006
1267 15014
1268 15021
1269 15029
1270 15037
1271 15045
1272 15052
1273 15060
1274 15068
1275 15076
1276 15083
1277 15091
1278 15099
1279 15107
1280 15114
1281 15122
1282 15130
1283 15138
1284 15146
1285 15153
1286 15161
1287 15169
1288 15177
1289 15185
1290 15193
1291 15200
1292 15208
1293 15216
1294 15224
1295 15232
1296 15240
1297 15247
1298 15255
1299 15263
1300 15271
1301 15279
1302 15287
1303 15295
1304 15303
1305 15310
1306 15318
1307 15326
1308 15334
1309 15342
1310 15350
1311 15358
1312 15366
1313 15374
1314 15382
1315 15390
1316 15398
1317 15406
1318 15413
1319 15421
1320 15429
1321 15437
1322 15445
1323 15453
1324 15461
1325 15469
1326 15477
1327 15485
1328 15493
1329 15501
1330 15509
1331 15517
1332 15525
1333 15533
1334 15541
1335 15549
1336 15557
1337 15565
1338 15573
1339 15581
1340 15589
1341 15597
1342 15606
1343 15614
1344 15622
1345 15630
1346 15638
1347 15646
1348 15654
1349 15662
1350 15670
1351 15678
1352 15686
1353 15694
1354 15703
1355 15711
1356 15719
1357 15727
1358 15735
1359 15743
1360 15751
1361 15759
1362 15768
1363 15776
1364 15784
1365 15792
1366 15800
1367 15808
1368 15816
1369 15825
1370 15833
1371 15841
1372 15849
1373 15857
1374 15866
1375 15874
1376 15882
1377 15890
1378 15898
1379 15907
1380 15915
1381 15923
1382 15931
1383 15940
1384 15948
1385 15956
1386 15964
1387 15972
1388 15981
1389 15989
1390 15997
1391 16006
1392 16014
1393 16022
1394 16030
1395 16039
1396 16047
1397 16055
1398 16064
1399 16072
1400 16080
1401 16088
1402 16097
1403 16105
1404 16113
1405 16122
1406 16130
1407 16138
1408 16147
1409 16155
1410 16164
1411 16172
1412 16180
1413 16189
1414 16197
1415 16205
1416 16214
1417 16222
1418 16231
1419 16239
1420 16247
1421 16256
1422 16264
1423 16273
1424 16281
1425 16289
1426 16298
1427 16306
1428 16315
1429 16323
1430 16332
1431 16340
1432 16348
1433 16357
1434 16365
1435 16374
1436 16382
1437 16391
1438 16399
1439 16408
1440 16416
1441 16425
1442 16433
1443 16442
1444 16450
1445 16459
1446 16467
1447 16476
1448 16484
1449 16493
1450 16501
1451 16510
1452 16519
1453 16527
1454 16536
1455 16544
1456 16553
1457 16561
1458 16570
1459 16578
1460 16587
1461 16596
1462 16604
1463 16613
1464 16621
1465 16630
1466 16639
1467 16647
1468 16656
1469 16665
1470 16673
1471 16682
1472 16690
1473 16699
1474 16708
1475 16716
1476 16725
1477 16734
1478 16742
1479 16751
1480 16760
1481 16768
1482 16777
1483 16786
1484 16794
1485 16803
1486 16812
1487 16821
1488 16829
1489 16838
1490 16847
1491 16855
1492 16864
1493 16873
1494 16882
1495 16890
1496 16899
1497 16908
1498 16917
1499 16925
1500 16934
1501 16943
1502 16952
1503 16961
1504 16969
1505 16978
1506 16987
1507 16996
1508 17005
1509 17013
1510 17022
1511 17031
1512 17040
1513 17049
1514 17057
1515 17066
1516 17075
1517 17084
1518 17093
1519 17102
1520 17111
1521 17119
1522 17128
1523 17137
1524 17146
1525 17155
1526 17164
1527 17173
1528 17182
1529 17191
1530 17199
1531 17208
1532 17217
1533 17226
1534 17235
1535 17244
1536 17253
1537 17262
1538 17271
1539 17280
1540 17289
1541 17298
1542 17307
1543 17316
1544 17325
1545 17334
1546 17343
1547 17352
1548 17361
1549 17370
1550 17379
1551 17388
1552 17397
1553 17406
1554 17415
1555 17424
1556 17433
1557 17442
1558 17451
1559 17460
1560 17469
1561 17478
1562 17487
1563 17496
1564 17505
1565 17514
1566 17524
1567 17533
1568 17542
1569 17551
1570 17560
1571 17569
1572 17578
1573 17587
1574 17596
1575 17606
1576 17615
1577 17624
1578 17633
1579 17642
1580 17651
1581 17660
1582 17670
1583 17679
1584 17688
1585 17697
1586 17706
1587 17715
1588 17725
1589 17734
1590 17743
1591 17752
1592 17761
1593 17771
1594 17780
1595 17789
1596 17798
1597 17808
1598 17817
1599 17826
1600 17835
1601 17845
1602 17854
1603 17863
1604 17872
1605 17882
1606 17891
1607 17900
1608 17910
1609 17919
1610 17928
1611 17937
1612 17947
1613 17956
1614 17965
1615 17975
1616 17984
1617 17993
1618 18003
1619 18012
1620 18021
1621 18031
1622 18040
1623 18050
1624 18059
1625 18068
1626 18078
1627 18087
1628 18096
1629 18106
1630 18115
1631 18125
1632 18134
1633 18143
1634 18153
1635 18162
1636 18172
1637 18181
1638 18191
1639 18200
1640 18210
1641 18219
1642 18228
1643 18238
1644 18247
1645 18257
1646 18266
1647 18276
1648 18285
1649 18295
1650 18304
1651 18314
1652 18323
1653 18333
1654 18342
1655 18352
1656 18361
1657 18371
1658 18381
1659 18390
1660 18400
1661 18409
1662 18419
1663 18428
1664 18438
1665 18447
1666 18457
1667 18467
1668 18476
1669 18486
1670 18495
1671 18505
1672 18515
1673 18524
1674 18534
1675 18544
1676 18553
1677 18563
1678 18572
1679 18582
1680 18592
1681 18601
1682 18611
1683 18621
1684 18630
1685 18640
1686 18650
1687 18659
1688 18669
1689 18679
1690 18689
1691 18698
1692 18708
1693 18718
1694 18727
1695 18737
1696 18747
1697 18757
1698 18766
1699 18776
1700 18786
1701 18796
1702 18805
1703 18815
1704 18825
1705 18835
1706 18845
1707 18854
1708 18864
1709 18874
1710 18884
1711 18894
1712 18903
1713 18913
1714 18923
1715 18933
1716 18943
1717 18953
1718 18963
1719 18972
1720 18982
1721 18992
1722 19002
1723 19012
1724 19022
1725 19032
1726 19042
1727 19051
1728 19061
1729 19071
1730 19081
1731 19091
1732 19101
1733 19111
1734 19121
1735 19131
1736 19141
1737 19151
1738 19161
1739 19171
1740 19181
1741 19191
1742 19201
1743 19211
1744 19221
1745 19231
1746 19241
1747 19251
1748 19261
1749 19271
1750 19281
1751 19291
1752 19301
1753 19311
1754 19321
1755 19331
1756 19341
1757 19351
1758 19361
1759 19371
1760 19381
1761 19391
1762 19401
1763 19411
1764 19421
1765 19432
1766 19442
1767 19452
1768 19462
1769 19472
1770 19482
1771 19492
1772 19502
1773 19513
1774 19523
1775 19533
1776 19543
1777 19553
1778 19563
1779 19574
1780 19584
1781 19594
1782 19604
1783 19614
1784 19625
1785 19635
1786 19645
1787 19655
1788 19665
1789 19676
1790 19686
1791 19696
1792 19706
1793 19717
1794 19727
1795 19737
1796 19747
1797 19758
1798 19768
1799 19778
1800 19789
1801 19799
1802 19809
1803 19819
1804 19830
1805 19840
1806 19850
1807 19861
1808 19871
1809 19881
1810 19892
1811 19902
1812 19912
1813 19923
1814 19933
1815 19944
1816 19954
1817 19964
1818 19975
1819 19985
1820 19996
1821 20006
1822 20016
1823 20027
1824 20037
1825 20048
1826 20058
1827 20068
1828 20079
1829 20089
1830 20100
1831 20110
1832 20121
1833 20131
1834 20142
1835 20152
1836 20163
1837 20173
1838 20184
1839 20194
1840 20205
1841 20215
1842 20226
1843 20236
1844 20247
1845 20257
1846 20268
1847 20278
1848 20289
1849 20300
1850 20310
1851 20321
1852 20331
1853 20342
1854 20352
1855 20363
1856 20374
1857 20384
1858 20395
1859 20405
1860 20416
1861 20427
1862 20437
1863 20448
1864 20459
1865 20469
1866 20480
1867 20491
1868 20501
1869 20512
1870 20523
1871 20533
1872 20544
1873 20555
1874 20565
1875 20576
1876 20587
1877 20598
1878 20608
1879 20619
1880 20630
1881 20641
1882 20651
1883 20662
1884 20673
1885 20684
1886 20694
1887 20705
1888 20716
1889 20727
1890 20737
1891 20748
1892 20759
1893 20770
1894 20781
1895 20792
1896 20802
1897 20813
1898 20824
1899 20835
1900 20846
1901 20857
1902 20867
1903 20878
1904 20889
1905 20900
1906 20911
1907 20922
1908 20933
1909 20944
1910 20955
1911 20965
1912 20976
1913 20987
1914 20998
1915 21009
1916 21020
1917 21031
1918 21042
1919 21053
1920 21064
1921 21075
1922 21086
1923 21097
1924 21108
1925 21119
1926 21130
1927 21141
1928 21152
1929 21163
1930 21174
1931 21185
1932 21196
1933 21207
1934 21218
1935 21229
1936 21240
1937 21251
1938 21262
1939 21273
1940 21285
1941 21296
1942 21307
1943 21318
1944 21329
1945 21340
1946 21351
1947 21362
1948 21373
1949 21385
1950 21396
1951 21407
1952 21418
1953 21429
1954 21440
1955 21451
1956 21463
1957 21474
1958 21485
1959 21496
1960 21507
1961 21519
1962 21530
1963 21541
1964 21552
1965 21564
1966 21575
1967 21586
1968 21597
1969 21608
1970 21620
1971 21631
1972 21642
1973 21654
1974 21665
1975 21676
1976 21687
1977 21699
1978 21710
1979 21721
1980 21733
1981 21744
1982 21755
1983 21767
1984 21778
1985 21789
1986 21801
1987 21812
1988 21823
1989 21835
1990 21846
1991 21858
1992 21869
1993 21880
1994 21892
1995 21903
1996 21915
1997 21926
1998 21937
1999 21949
2000 21960
2001 21972
2002 21983
2003 21995
2004 22006
2005 22018
2006 22029
2007 22041
2008 22052
2009 22064
2010 22075
2011 22087
2012 22098
2013 22110
2014 22121
2015 22133
2016 22144
2017 22156
2018 22167
2019 22179
2020 22190
2021 22202
2022 22214
2023 22225
2024 22237
2025 22248
2026 22260
2027 22272
2028 22283
2029 22295
2030 22306
2031 22318
2032 22330
2033 22341
2034 22353
2035 22365
2036 22376
2037 22388
2038 22400
2039 22411
2040 22423
2041 22435
2042 22446
2043 22458
2044 22470
2045 22481
2046 22493
2047 22505
2048 22517
2049 22528
2050 22540
2051 22552
2052 22564
2053 22575
2054 22587
2055 22599
2056 22611
2057 22623
2058 22634
2059 22646
2060 22658
2061 22670
2062 22682
2063 22693
2064 22705
2065 22717
2066 22729
2067 22741
2068 22753
2069 22764
2070 22776
2071 22788
2072 22800
2073 22812
2074 22824
2075 22836
2076 22848
2077 22860
2078 22872
2079 22883
2080 22895
2081 22907
2082 22919
2083 22931
2084 22943
2085 22955
2086 22967
2087 22979
2088 22991
2089 23003
2090 23015
2091 23027
2092 23039
2093 23051
2094 23063
2095 23075
2096 23087
2097 23099
2098 23111
2099 23123
2100 23135
2101 23147
2102 23160
2103 23172
2104 23184
2105 23196
2106 23208
2107 23220
2108 23232
2109 23244
2110 23256
2111 23268
2112 23281
2113 23293
2114 23305
2115 23317
2116 23329
2117 23341
2118 23354
2119 23366
2120 23378
2121 23390
2122 23402
2123 23414
2124 23427
2125 23439
2126 23451
2127 23463
2128 23476
2129 23488
2130 23500
2131 23512
2132 23525
2133 23537
2134 23549
2135 23561
2136 23574
2137 23586
2138 23598
2139 23611
2140 23623
2141 23635
2142 23648
2143 23660
2144 23672
2145 23685
2146 23697
2147 23709
2148 23722
2149 23734
2150 23747
2151 23759
2152 23771
2153 23784
2154 23796
2155 23809
2156 23821
2157 23833
2158 23846
2159 23858
2160 23871
2161 23883
2162 23896
2163 23908
2164 23921
2165 23933
2166 23946
2167 23958
2168 23970
2169 23983
2170 23996
2171 24008
2172 24021
2173 24033
2174 24046
2175 24058
2176 24071
2177 24083
2178 24096
2179 24108
2180 24121
2181 24134
2182 24146
2183 24159
2184 24171
2185 24184
2186 24197
2187 24209
2188 24222
2189 24235
2190 24247
2191 24260
2192 24272
2193 24285
2194 24298
2195 24310
2196 24323
2197 24336
2198 24349
2199 24361
2200 24374
2201 24387
2202 24399
2203 24412
2204 24425
2205 24438
2206 24450
2207 24463
2208 24476
2209 24489
2210 24501
2211 24514
2212 24527
2213 24540
2214 24553
2215 24565
2216 24578
2217 24591
2218 24604
2219 24617
2220 24630
2221 24642
2222 24655
2223 24668
2224 24681
2225 24694
2226 24707
2227 24720
2228 24733
2229 24746
2230 24758
2231 24771
2232 24784
2233 24797
2234 24810
2235 24823
2236 24836
2237 24849
2238 24862
2239 24875
2240 24888
2241 24901
2242 24914
2243 24927
2244 24940
2245 24953
2246 24966
2247 24979
2248 24992
2249 25005
2250 25018
2251 25031
2252 25044
2253 25057
2254 25070
2255 25083
2256 25097
2257 25110
2258 25123
2259 25136
2260 25149
2261 25162
2262 25175
2263 25188
2264 25202
2265 25215
2266 25228
2267 25241
2268 25254
2269 25267
2270 25281
2271 25294
2272 25307
2273 25320
2274 25333
2275 25347
2276 25360
2277 25373
2278 25386
2279 25400
2280 25413
2281 25426
2282 25439
2283 25453
2284 25466
2285 25479
2286 25493
2287 25506
2288 25519
2289 25532
2290 25546
2291 25559
2292 25572
2293 25586
2294 25599
2295 25613
2296 25626
2297 25639
2298 25653
2299 25666
2300 25679
2301 25693
2302 25706
2303 25720
2304 25733
2305 25747
2306 25760
2307 25773
2308 25787
2309 25800
2310 25814
2311 25827
2312 25841
2313 25854
2314 25868
2315 25881
2316 25895
2317 25908
2318 25922
2319 25935
2320 25949
2321 25962
2322 25976
2323 25990
2324 26003
2325 26017
2326 26030
2327 26044
2328 26057
2329 26071
2330 26085
2331 26098
2332 26112
2333 26126
2334 26139
2335 26153
2336 26167
2337 26180
2338 26194
2339 26208
2340 26221
2341 26235
2342 26249
2343 26262
2344 26276
2345 26290
2346 26303
2347 26317
2348 26331
2349 26345
2350 26358
2351 26372
2352 26386
2353 26400
2354 26413
2355 26427
2356 26441
2357 26455
2358 26469
2359 26483
2360 26496
2361 26510
2362 26524
2363 26538
2364 26552
2365 26566
2366 26579
2367 26593
2368 26607
2369 26621
2370 26635
2371 26649
2372 26663
2373 26677
2374 26691
2375 26705
2376 26719
2377 26733
2378 26746
2379 26760
2380 26774
2381 26788
2382 26802
2383 26816
2384 26830
2385 26844
2386 26858
2387 26872
2388 26886
2389 26900
2390 26915
2391 26929
2392 26943
2393 26957
2394 26971
2395 26985
2396 26999
2397 27013
2398 27027
2399 27041
2400 27055
2401 27070
2402 27084
2403 27098
2404 27112
2405 27126
2406 27140
2407 27154
2408 27169
2409 27183
2410 27197
2411 27211
2412 27225
2413 27240
2414 27254
2415 27268
2416 27282
2417 27297
2418 27311
2419 27325
2420 27339
2421 27354
2422 27368
2423 27382
2424 27397
2425 27411
2426 27425
2427 27439
2428 27454
2429 27468
2430 27482
2431 27497
2432 27511
2433 27526
2434 27540
2435 27554
2436 27569
2437 27583
2438 27597
2439 27612
2440 27626
2441 27641
2442 27655
2443 27670
2444 27684
2445 27699
2446 27713
2447 27727
2448 27742
2449 27756
2450 27771
2451 27785
2452 27800
2453 27814
2454 27829
2455 27844
2456 27858
2457 27873
2458 27887
2459 27902
2460 27916
2461 27931
2462 27945
2463 27960
2464 27975
2465 27989
2466 28004
2467 28019
2468 28033
2469 28048
2470 28062
2471 28077
2472 28092
2473 28106
2474 28121
2475 28136
2476 28151
2477 28165
2478 28180
2479 28195
2480 28209
2481 28224
2482 28239
2483 28254
2484 28268
2485 28283
2486 28298
2487 28313
2488 28327
2489 28342
2490 28357
2491 28372
2492 28387
2493 28402
2494 28416
2495 28431
2496 28446
2497 28461
2498 28476
2499 28491
2500 28506
2501 28520
2502 28535
2503 28550
2504 28565
2505 28580
2506 28595
2507 28610
2508 28625
2509 28640
2510 28655
2511 28670
2512 28685
2513 28700
2514 28715
2515 28730
2516 28745
2517 28760
2518 28775
2519 28790
2520 28805
2521 28820
2522 28835
2523 28850
2524 28865
2525 28880
2526 28895
2527 28910
2528 28925
2529 28940
2530 28956
2531 28971
2532 28986
2533 29001
2534 29016
2535 29031
2536 29046
2537 29062
2538 29077
2539 29092
2540 29107
2541 29122
2542 29138
2543 29153
2544 29168
2545 29183
2546 29199
2547 29214
2548 29229
2549 29244
2550 29260
2551 29275
2552 29290
2553 29305
2554 29321
2555 29336
2556 29351
2557 29367
2558 29382
2559 29397
2560 29413
2561 29428
2562 29444
2563 29459
2564 29474
2565 29490
2566 29505
2567 29521
2568 29536
2569 29551
2570 29567
2571 29582
2572 29598
2573 29613
2574 29629
2575 29644
2576 29660
2577 29675
2578 29691
2579 29706
2580 29722
2581 29737
2582 29753
2583 29768
2584 29784
2585 29799
2586 29815
2587 29830
2588 29846
2589 29862
2590 29877
2591 29893
2592 29908
2593 29924
2594 29940
2595 29955
2596 29971
2597 29987
2598 30002
2599 30018
2600 30034
2601 30049
2602 30065
2603 30081
2604 30097
2605 30112
2606 30128
2607 30144
2608 30159
2609 30175
2610 30191
2611 30207
2612 30223
2613 30238
2614 30254
2615 30270
2616 30286
2617 30302
2618 30317
2619 30333
2620 30349
2621 30365
2622 30381
2623 30397
2624 30413
2625 30428
2626 30444
2627 30460
2628 30476
2629 30492
2630 30508
2631 30524
2632 30540
2633 30556
2634 30572
2635 30588
2636 30604
2637 30620
2638 30636
2639 30652
2640 30668
2641 30684
2642 30700
2643 30716
2644 30732
2645 30748
2646 30764
2647 30780
2648 30796
2649 30812
2650 30828
2651 30844
2652 30861
2653 30877
2654 30893
2655 30909
2656 30925
2657 30941
2658 30957
2659 30974
2660 30990
2661 31006
2662 31022
2663 31038
2664 31055
2665 31071
2666 31087
2667 31103
2668 31120
2669 31136
2670 31152
2671 31168
2672 31185
2673 31201
2674 31217
2675 31234
2676 31250
2677 31266
2678 31283
2679 31299
2680 31315
2681 31332
2682 31348
2683 31364
2684 31381
2685 31397
2686 31414
2687 31430
2688 31446
2689 31463
2690 31479
2691 31496
2692 31512
2693 31529
2694 31545
2695 31562
2696 31578
2697 31595
2698 31611
2699 31628
2700 31644
2701 31661
2702 31677
2703 31694
2704 31710
2705 31727
2706 31743
2707 31760
2708 31777
2709 31793
2710 31810
2711 31826
2712 31843
2713 31860
2714 31876
2715 31893
2716 31910
2717 31926
2718 31943
2719 31960
2720 31976
2721 31993
2722 32010
2723 32027
2724 32043
2725 32060
2726 32077
2727 32094
2728 32110
2729 32127
2730 32144
2731 32161
2732 32178
2733 32194
2734 32211
2735 32228
2736 32245
2737 32262
2738 32279
2739 32295
2740 32312
2741 32329
2742 32346
2743 32363
2744 32380
2745 32397
2746 32414
2747 32431
2748 32448
2749 32465
2750 32482
2751 32499
2752 32516
2753 32533
2754 32550
2755 32567
2756 32584
2757 32601
2758 32618
2759 32635
2760 32652
2761 32669
2762 32686
2763 32703
2764 32720
2765 32737
2766 32754
2767 32771
2768 32788
2769 32806
2770 32823
2771 32840
2772 32857
2773 32874
2774 32891
2775 32909
2776 32926
2777 32943
2778 32960
2779 32977
2780 32995
2781 33012
2782 33029
2783 33046
2784 33064
2785 33081
2786 33098
2787 33116
2788 33133
2789 33150
2790 33167
2791 33185
2792 33202
2793 33219
2794 33237
2795 33254
2796 33272
2797 33289
2798 33306
2799 33324
2800 33341
2801 33359
2802 33376
2803 33393
2804 33411
2805 33428
2806 33446
2807 33463
2808 33481
2809 33498
2810 33516
2811 33533
2812 33551
2813 33568
2814 33586
2815 33604
2816 33621
2817 33639
2818 33656
2819 33674
2820 33691
2821 33709
2822 33727
2823 33744
2824 33762
2825 33780
2826 33797
2827 33815
2828 33833
2829 33850
2830 33868
2831 33886
2832 33903
2833 33921
2834 33939
2835 33956
2836 33974
2837 33992
2838 34010
2839 34028
2840 34045
2841 34063
2842 34081
2843 34099
2844 34117
2845 34134
2846 34152
2847 34170
2848 34188
2849 34206
2850 34224
2851 34242
2852 34259
2853 34277
2854 34295
2855 34313
2856 34331
2857 34349
2858 34367
2859 34385
2860 34403
2861 34421
2862 34439
2863 34457
2864 34475
2865 34493
2866 34511
2867 34529
2868 34547
2869 34565
2870 34583
2871 34601
2872 34619
2873 34637
2874 34656
2875 34674
2876 34692
2877 34710
2878 34728
2879 34746
2880 34764
2881 34782
2882 34801
2883 34819
2884 34837
2885 34855
2886 34873
2887 34892
2888 34910
2889 34928
2890 34946
2891 34965
2892 34983
2893 35001
2894 35020
2895 35038
2896 35056
2897 35074
2898 35093
2899 35111
2900 35130
2901 35148
2902 35166
2903 35185
2904 35203
2905 35221
2906 35240
2907 35258
2908 35277
2909 35295
2910 35314
2911 35332
2912 35350
2913 35369
2914 35387
2915 35406
2916 35424
2917 35443
2918 35461
2919 35480
2920 35499
2921 35517
2922 35536
2923 35554
2924 35573
2925 35591
2926 35610
2927 35629
2928 35647
2929 35666
2930 35685
2931 35703
2932 35722
2933 35740
2934 35759
2935 35778
2936 35797
2937 35815
2938 35834
2939 35853
2940 35871
2941 35890
2942 35909
2943 35928
2944 35947
2945 35965
2946 35984
2947 36003
2948 36022
2949 36041
2950 36059
2951 36078
2952 36097
2953 36116
2954 36135
2955 36154
2956 36173
2957 36192
2958 36210
2959 36229
2960 36248
2961 36267
2962 36286
2963 36305
2964 36324
2965 36343
2966 36362
2967 36381
2968 36400
2969 36419
2970 36438
2971 36457
2972 36476
2973 36495
2974 36514
2975 36534
2976 36553
2977 36572
2978 36591
2979 36610
2980 36629
2981 36648
2982 36667
2983 36687
2984 36706
2985 36725
2986 36744
2987 36763
2988 36783
2989 36802
2990 36821
2991 36840
2992 36860
2993 36879
2994 36898
2995 36917
2996 36937
2997 36956
2998 36975
2999 36995
3000 37014
3001 37033
3002 37053
3003 37072
3004 37091
3005 37111
3006 37130
3007 37150
3008 37169
3009 37188
3010 37208
3011 37227
3012 37247
3013 37266
3014 37286
3015 37305
3016 37325
3017 37344
3018 37364
3019 37383
3020 37403
3021 37422
3022 37442
3023 37461
3024 37481
3025 37501
3026 37520
3027 37540
3028 37559
3029 37579
3030 37599
3031 37618
3032 37638
3033 37658
3034 37677
3035 37697
3036 37717
3037 37737
3038 37756
3039 37776
3040 37796
3041 37816
3042 37835
3043 37855
3044 37875
3045 37895
3046 37914
3047 37934
3048 37954
3049 37974
3050 37994
3051 38014
3052 38034
3053 38053
3054 38073
3055 38093
3056 38113
3057 38133
3058 38153
3059 38173
3060 38193
3061 38213
3062 38233
3063 38253
3064 38273
3065 38293
3066 38313
3067 38333
3068 38353
3069 38373
3070 38393
3071 38413
3072 38433
3073 38453
3074 38473
3075 38493
3076 38514
3077 38534
3078 38554
3079 38574
3080 38594
3081 38614
3082 38634
3083 38655
3084 38675
3085 38695
3086 38715
3087 38736
3088 38756
3089 38776
3090 38796
3091 38817
3092 38837
3093 38857
3094 38878
3095 38898
3096 38918
3097 38939
3098 38959
3099 38979
3100 39000
3101 39020
3102 39040
3103 39061
3104 39081
3105 39102
3106 39122
3107 39143
3108 39163
3109 39183
3110 39204
3111 39224
3112 39245
3113 39265
3114 39286
3115 39307
3116 39327
3117 39348
3118 39368
3119 39389
3120 39409
3121 39430
3122 39451
3123 39471
3124 39492
3125 39512
3126 39533
3127 39554
3128 39574
3129 39595
3130 39616
3131 39637
3132 39657
3133 39678
3134 39699
3135 39720
3136 39740
3137 39761
3138 39782
3139 39803
3140 39823
3141 39844
3142 39865
3143 39886
3144 39907
3145 39928
3146 39949
3147 39969
3148 39990
3149 40011
3150 40032
3151 40053
3152 40074
3153 40095
3154 40116
3155 40137
3156 40158
3157 40179
3158 40200
3159 40221
3160 40242
3161 40263
3162 40284
3163 40305
3164 40326
3165 40347
3166 40368
3167 40389
3168 40410
3169 40432
3170 40453
3171 40474
3172 40495
3173 40516
3174 40537
3175 40559
3176 40580
3177 40601
3178 40622
3179 40643
3180 40665
3181 40686
3182 40707
3183 40728
3184 40750
3185 40771
3186 40792
3187 40814
3188 40835
3189 40856
3190 40878
3191 40899
3192 40921
3193 40942
3194 40963
3195 40985
3196 41006
3197 41028
3198 41049
3199 41070
3200 41092
3201 41113
3202 41135
3203 41156
3204 41178
3205 41199
3206 41221
3207 41243
3208 41264
3209 41286
3210 41307
3211 41329
3212 41350
3213 41372
3214 41394
3215 41415
3216 41437
3217 41459
3218 41480
3219 41502
3220 41524
3221 41545
3222 41567
3223 41589
3224 41611
3225 41632
3226 41654
3227 41676
3228 41698
3229 41720
3230 41741
3231 41763
3232 41785
3233 41807
3234 41829
3235 41851
3236 41872
3237 41894
3238 41916
3239 41938
3240 41960
3241 41982
3242 42004
3243 42026
3244 42048
3245 42070
3246 42092
3247 42114
3248 42136
3249 42158
3250 42180
3251 42202
3252 42224
3253 42246
3254 42268
3255 42290
3256 42312
3257 42335
3258 42357
3259 42379
3260 42401
3261 42423
3262 42445
3263 42467
3264 42490
3265 42512
3266 42534
3267 42556
3268 42579
3269 42601
3270 42623
3271 42645
3272 42668
3273 42690
3274 42712
3275 42735
3276 42757
3277 42779
3278 42802
3279 42824
3280 42846
3281 42869
3282 42891
3283 42914
3284 42936
3285 42959
3286 42981
3287 43004
3288 43026
3289 43048
3290 43071
3291 43094
3292 43116
3293 43139
3294 43161
3295 43184
3296 43206
3297 43229
3298 43251
3299 43274
3300 43297
3301 43319
3302 43342
3303 43365
3304 43387
3305 43410
3306 43433
3307 43455
3308 43478
3309 43501
3310 43524
3311 43546
3312 43569
3313 43592
3314 43615
3315 43637
3316 43660
3317 43683
3318 43706
3319 43729
3320 43752
3321 43775
3322 43797
3323 43820
3324 43843
3325 43866
3326 43889
3327 43912
3328 43935
3329 43958
3330 43981
3331 44004
3332 44027
3333 44050
3334 44073
3335 44096
3336 44119
3337 44142
3338 44165
3339 44188
3340 44211
3341 44235
3342 44258
3343 44281
3344 44304
3345 44327
3346 44350
3347 44373
3348 44397
3349 44420
3350 44443
3351 44466
3352 44490
3353 44513
3354 44536
3355 44559
3356 44583
3357 44606
3358 44629
3359 44653
3360 44676
3361 44699
3362 44723
3363 44746
3364 44769
3365 44793
3366 44816
3367 44840
3368 44863
3369 44887
3370 44910
3371 44934
3372 44957
3373 44981
3374 45004
3375 45028
3376 45051
3377 45075
3378 45098
3379 45122
3380 45145
3381 45169
3382 45193
3383 45216
3384 45240
3385 45264
3386 45287
3387 45311
3388 45335
3389 45358
3390 45382
3391 45406
3392 45429
3393 45453
3394 45477
3395 45501
3396 45525
3397 45548
3398 45572
3399 45596
3400 45620
3401 45644
3402 45668
3403 45691
3404 45715
3405 45739
3406 45763
3407 45787
3408 45811
3409 45835
3410 45859
3411 45883
3412 45907
3413 45931
3414 45955
3415 45979
3416 46003
3417 46027
3418 46051
3419 46075
3420 46099
3421 46123
3422 46147
3423 46172
3424 46196
3425 46220
3426 46244
3427 46268
3428 46292
3429 46317
3430 46341
3431 46365
3432 46389
3433 46414
3434 46438
3435 46462
3436 46486
3437 46511
3438 46535
3439 46559
3440 46584
3441 46608
3442 46632
3443 46657
3444 46681
3445 46706
3446 46730
3447 46754
3448 46779
3449 46803
3450 46828
3451 46852
3452 46877
3453 46901
3454 46926
3455 46950
3456 46975
3457 46999
3458 47024
3459 47049
3460 47073
3461 47098
3462 47122
3463 47147
3464 47172
3465 47196
3466 47221
3467 47246
3468 47270
3469 47295
3470 47320
3471 47345
3472 47369
3473 47394
3474 47419
3475 47444
3476 47468
3477 47493
3478 47518
3479 47543
3480 47568
3481 47593
3482 47618
3483 47642
3484 47667
3485 47692
3486 47717
3487 47742
3488 47767
3489 47792
3490 47817
3491 47842
3492 47867
3493 47892
3494 47917
3495 47942
3496 47967
3497 47992
3498 48017
3499 48043
3500 48068
3501 48093
3502 48118
3503 48143
3504 48168
3505 48193
3506 48219
3507 48244
3508 48269
3509 48294
3510 48320
3511 48345
3512 48370
3513 48395
3514 48421
3515 48446
3516 48471
3517 48497
3518 48522
3519 48547
3520 48573
3521 48598
3522 48624
3523 48649
3524 48674
3525 48700
3526 48725
3527 48751
3528 48776
3529 48802
3530 48827
3531 48853
3532 48878
3533 48904
3534 48930
3535 48955
3536 48981
3537 49006
3538 49032
3539 49058
3540 49083
3541 49109
3542 49135
3543 49160
3544 49186
3545 49212
3546 49237
3547 49263
3548 49289
3549 49315
3550 49340
3551 49366
3552 49392
3553 49418
3554 49444
3555 49470
3556 49495
3557 49521
3558 49547
3559 49573
3560 49599
3561 49625
3562 49651
3563 49677
3564 49703
3565 49729
3566 49755
3567 49781
3568 49807
3569 49833
3570 49859
3571 49885
3572 49911
3573 49937
3574 49963
3575 49989
3576 50016
3577 50042
3578 50068
3579 50094
3580 50120
3581 50147
3582 50173
3583 50199
3584 50225
3585 50251
3586 50278
3587 50304
3588 50330
3589 50357
3590 50383
3591 50409
3592 50436
3593 50462
3594 50488
3595 50515
3596 50541
3597 50568
3598 50594
3599 50621
3600 50647
3601 50673
3602 50700
3603 50726
3604 50753
3605 50780
3606 50806
3607 50833
3608 50859
3609 50886
3610 50912
3611 50939
3612 50966
3613 50992
3614 51019
3615 51046
3616 51072
3617 51099
3618 51126
3619 51153
3620 51179
3621 51206
3622 51233
3623 51260
3624 51286
3625 51313
3626 51340
3627 51367
3628 51394
3629 51421
3630 51447
3631 51474
3632 51501
3633 51528
3634 51555
3635 51582
3636 51609
3637 51636
3638 51663
3639 51690
3640 51717
3641 51744
3642 51771
3643 51798
3644 51825
3645 51852
3646 51880
3647 51907
3648 51934
3649 51961
3650 51988
3651 52015
3652 52043
3653 52070
3654 52097
3655 52124
3656 52151
3657 52179
3658 52206
3659 52233
3660 52261
3661 52288
3662 52315
3663 52343
3664 52370
3665 52397
3666 52425
3667 52452
3668 52480
3669 52507
3670 52534
3671 52562
3672 52589
3673 52617
3674 52644
3675 52672
3676 52699
3677 52727
3678 52755
3679 52782
3680 52810
3681 52837
3682 52865
3683 52893
3684 52920
3685 52948
3686 52976
3687 53003
3688 53031
3689 53059
3690 53087
3691 53114
3692 53142
3693 53170
3694 53198
3695 53225
3696 53253
3697 53281
3698 53309
3699 53337
3700 53365
3701 53393
3702 53421
3703 53449
3704 53476
3705 53504
3706 53532
3707 53560
3708 53588
3709 53616
3710 53644
3711 53672
3712 53701
3713 53729
3714 53757
3715 53785
3716 53813
3717 53841
3718 53869
3719 53897
3720 53926
3721 53954
3722 53982
3723 54010
3724 54038
3725 54067
3726 54095
3727 54123
3728 54152
3729 54180
3730 54208
3731 54237
3732 54265
3733 54293
3734 54322
3735 54350
3736 54378
3737 54407
3738 54435
3739 54464
3740 54492
3741 54521
3742 54549
3743 54578
3744 54606
3745 54635
3746 54663
3747 54692
3748 54721
3749 54749
3750 54778
3751 54807
3752 54835
3753 54864
3754 54893
3755 54921
3756 54950
3757 54979
3758 55007
3759 55036
3760 55065
3761 55094
3762 55123
3763 55151
3764 55180
3765 55209
3766 55238
3767 55267
3768 55296
3769 55325
3770 55354
3771 55383
3772 55411
3773 55440
3774 55469
3775 55498
3776 55527
3777 55556
3778 55586
3779 55615
3780 55644
3781 55673
3782 55702
3783 55731
3784 55760
3785 55789
3786 55818
3787 55848
3788 55877
3789 55906
3790 55935
3791 55965
3792 55994
3793 56023
3794 56052
3795 56082
3796 56111
3797 56140
3798 56170
3799 56199
3800 56228
3801 56258
3802 56287
3803 56317
3804 56346
3805 56376
3806 56405
3807 56435
3808 56464
3809 56494
3810 56523
3811 56553
3812 56582
3813 56612
3814 56641
3815 56671
3816 56701
3817 56730
3818 56760
3819 56790
3820 56819
3821 56849
3822 56879
3823 56909
3824 56938
3825 56968
3826 56998
3827 57028
3828 57057
3829 57087
3830 57117
3831 57147
3832 57177
3833 57207
3834 57237
3835 57267
3836 57297
3837 57327
3838 57357
3839 57386
3840 57416
3841 57447
3842 57477
3843 57507
3844 57537
3845 57567
3846 57597
3847 57627
3848 57657
3849 57687
3850 57717
3851 57748
3852 57778
3853 57808
3854 57838
3855 57868
3856 57899
3857 57929
3858 57959
3859 57990
3860 58020
3861 58050
3862 58081
3863 58111
3864 58141
3865 58172
3866 58202
3867 58233
3868 58263
3869 58294
3870 58324
3871 58354
3872 58385
3873 58416
3874 58446
3875 58477
3876 58507
3877 58538
3878 58568
3879 58599
3880 58630
3881 58660
3882 58691
3883 58722
3884 58752
3885 58783
3886 58814
3887 58845
3888 58875
3889 58906
3890 58937
3891 58968
3892 58999
3893 59029
3894 59060
3895 59091
3896 59122
3897 59153
3898 59184
3899 59215
3900 59246
3901 59277
3902 59308
3903 59339
3904 59370
3905 59401
3906 59432
3907 59463
3908 59494
3909 59525
3910 59556
3911 59587
3912 59619
3913 59650
3914 59681
3915 59712
3916 59743
3917 59775
3918 59806
3919 59837
3920 59868
3921 59900
3922 59931
3923 59962
3924 59994
3925 60025
3926 60057
3927 60088
3928 60119
3929 60151
3930 60182
3931 60214
3932 60245
3933 60277
3934 60308
3935 60340
3936 60371
3937 60403
3938 60434
3939 60466
3940 60498
3941 60529
3942 60561
3943 60593
3944 60624
3945 60656
3946 60688
3947 60719
3948 60751
3949 60783
3950 60815
3951 60847
3952 60878
3953 60910
3954 60942
3955 60974
3956 61006
3957 61038
3958 61070
3959 61102
3960 61133
3961 61165
3962 61197
3963 61229
3964 61261
3965 61293
3966 61325
3967 61358
3968 61390
3969 61422
3970 61454
3971 61486
3972 61518
3973 61550
3974 61582
3975 61615
3976 61647
3977 61679
3978 61711
3979 61744
3980 61776
3981 61808
3982 61841
3983 61873
3984 61905
3985 61938
3986 61970
3987 62002
3988 62035
3989 62067
3990 62100
3991 62132
3992 62165
3993 62197
3994 62230
3995 62262
3996 62295
3997 62327
3998 62360
3999 62393
4000 62425
4001 62458
4002 62490
4003 62523
4004 62556
4005 62589
4006 62621
4007 62654
4008 62687
4009 62720
4010 62752
4011 62785
4012 62818
4013 62851
4014 62884
4015 62917
4016 62949
4017 62982
4018 63015
4019 63048
4020 63081
4021 63114
4022 63147
4023 63180
4024 63213
4025 63246
4026 63279
4027 63312
4028 63346
4029 63379
4030 63412
4031 63445
4032 63478
4033 63511
4034 63545
4035 63578
4036 63611
4037 63644
4038 63678
4039 63711
4040 63744
4041 63778
4042 63811
4043 63844
4044 63878
4045 63911
4046 63944
4047 63978
4048 64011
4049 64045
4050 64078
4051 64112
4052 64145
4053 64179
4054 64212
4055 64246
4056 64280
4057 64313
4058 64347
4059 64380
4060 64414
4061 64448
4062 64481
4063 64515
4064 64549
4065 64583
4066 64616
4067 64650
4068 64684
4069 64718
4070 64752
4071 64786
4072 64819
4073 64853
4074 64887
4075 64921
4076 64955
4077 64989
4078 65023
4079 65057
4080 65091
4081 65125
4082 65159
4083 65193
4084 65227
4085 65261
4086 65296
4087 65330
4088 65364
4089 65398
4090 65432
4091 65466
4092 65501
4093 65535
